num_heads: 16
num_layers: 16
pos_enc: learnable
pool: cls
dropout: 0.3
num_epochs: 50
batch_size: 16
lr: 0.0001
weight_decay: 0.001
train_duration: 25.703188180923462
train_accuracy: 0.5092
MACs: 3177186
Number of parameters: 3185634
Number of trainable parameters: 3185634
Validation accuracy: 0.511
test accuracy: 0.5
total training time: 670.8053047657013
train accuracy list: [0.5068, 0.5092, 0.4944, 0.506, 0.4986, 0.507, 0.4986, 0.504, 0.4932, 0.5032, 0.5034, 0.4992, 0.5012, 0.5074, 0.5056, 0.4966, 0.4926, 0.504, 0.498, 0.5022, 0.5046, 0.4892, 0.4986, 0.4966, 0.515, 0.505, 0.512, 0.4916, 0.497, 0.498, 0.5108, 0.4956, 0.507, 0.4944, 0.5036, 0.5042, 0.5022, 0.4968, 0.4848, 0.4954, 0.5044, 0.4982, 0.4938, 0.4932, 0.5076, 0.506, 0.5052, 0.5126, 0.5084, 0.4968]
val accuracy list: [0.506, 0.511, 0.495, 0.495, 0.495, 0.495, 0.505, 0.495, 0.495, 0.505, 0.495, 0.505, 0.495, 0.495, 0.495, 0.495, 0.495, 0.495, 0.495, 0.505, 0.495, 0.495, 0.505, 0.495, 0.495, 0.495, 0.494, 0.495, 0.495, 0.495, 0.495, 0.494, 0.506, 0.495, 0.495, 0.505, 0.495, 0.505, 0.495, 0.495, 0.505, 0.495, 0.495, 0.495, 0.495, 0.505, 0.495, 0.505, 0.495, 0.495]
