num_heads: 16
num_layers: 12
pos_enc: learnable
pool: cls
dropout: 0.3
num_epochs: 50
batch_size: 16
lr: 0.0001
weight_decay: 0.001
train_duration: 505.1596734523773
train_accuracy: 0.906
MACs: 2384610
Number of parameters: 2393058
Number of trainable parameters: 2393058
Validation accuracy: 0.849
test accuracy: 0.8375
total training time: 526.220538854599
train accuracy list: [0.5012, 0.4994, 0.4996, 0.5222, 0.6232, 0.6772, 0.7634, 0.7794, 0.7948, 0.8038, 0.8056, 0.8198, 0.8304, 0.834, 0.8326, 0.8372, 0.8428, 0.8526, 0.8562, 0.8644, 0.856, 0.8642, 0.8634, 0.8724, 0.8706, 0.8776, 0.8758, 0.8808, 0.8796, 0.8838, 0.8892, 0.8892, 0.8846, 0.8862, 0.8956, 0.8858, 0.899, 0.8898, 0.8954, 0.8974, 0.8992, 0.8968, 0.9046, 0.9032, 0.9116, 0.9064, 0.9078, 0.906, 0.9056, 0.9096]
val accuracy list: [0.513, 0.587, 0.502, 0.615, 0.649, 0.77, 0.776, 0.798, 0.796, 0.81, 0.809, 0.818, 0.812, 0.824, 0.827, 0.824, 0.83, 0.839, 0.831, 0.828, 0.828, 0.833, 0.829, 0.831, 0.83, 0.83, 0.833, 0.833, 0.84, 0.838, 0.837, 0.835, 0.839, 0.834, 0.833, 0.828, 0.838, 0.848, 0.844, 0.841, 0.84, 0.835, 0.839, 0.837, 0.84, 0.836, 0.831, 0.849, 0.828, 0.843]
