num_heads: 32
num_layers: 12
pos_enc: learnable
pool: cls
dropout: 0.3
num_epochs: 50
batch_size: 16
lr: 0.0001
weight_decay: 0.001
train_duration: 489.3448657989502
train_accuracy: 0.9168
MACs: 2384610
Number of parameters: 2393058
Number of trainable parameters: 2393058
Validation accuracy: 0.835
test accuracy: 0.8415
total training time: 509.9899446964264
train accuracy list: [0.4986, 0.509, 0.501, 0.5126, 0.5126, 0.612, 0.6748, 0.7492, 0.7764, 0.7932, 0.8014, 0.8148, 0.82, 0.841, 0.8464, 0.841, 0.8506, 0.8554, 0.8596, 0.8686, 0.8656, 0.873, 0.874, 0.8796, 0.884, 0.881, 0.888, 0.8936, 0.8932, 0.8918, 0.899, 0.8976, 0.8986, 0.899, 0.904, 0.912, 0.9038, 0.91, 0.9092, 0.9122, 0.9096, 0.917, 0.9138, 0.916, 0.9196, 0.9224, 0.922, 0.9168, 0.924, 0.9214]
val accuracy list: [0.518, 0.484, 0.484, 0.562, 0.594, 0.638, 0.717, 0.768, 0.775, 0.784, 0.798, 0.793, 0.808, 0.809, 0.808, 0.805, 0.794, 0.804, 0.804, 0.808, 0.815, 0.799, 0.818, 0.827, 0.807, 0.812, 0.811, 0.818, 0.813, 0.824, 0.824, 0.823, 0.831, 0.825, 0.828, 0.824, 0.828, 0.825, 0.826, 0.832, 0.83, 0.826, 0.824, 0.83, 0.83, 0.829, 0.831, 0.835, 0.83, 0.832]
