num_heads: 4
num_layers: 4
pos_enc: learnable
pool: cls
dropout: 0.3
num_epochs: 50
batch_size: 16
lr: 0.0001
weight_decay: 0.001
train_duration: 312.71422696113586
train_accuracy: 0.894
MACs: 799458
Number of parameters: 807906
Number of trainable parameters: 807906
Validation accuracy: 0.849
test accuracy: 0.814
total training time: 318.92317628860474
train accuracy list: [0.5072, 0.5506, 0.6116, 0.6882, 0.7406, 0.7662, 0.7912, 0.794, 0.8034, 0.8096, 0.8146, 0.8232, 0.8224, 0.8344, 0.8298, 0.8344, 0.837, 0.842, 0.8356, 0.8484, 0.8506, 0.8508, 0.8562, 0.8546, 0.8628, 0.8594, 0.86, 0.8654, 0.8712, 0.8696, 0.8698, 0.8712, 0.8724, 0.8746, 0.8838, 0.8794, 0.8862, 0.8832, 0.8846, 0.8894, 0.8922, 0.8884, 0.8868, 0.8912, 0.8912, 0.8902, 0.8902, 0.89, 0.894, 0.8986]
val accuracy list: [0.611, 0.621, 0.658, 0.757, 0.779, 0.785, 0.807, 0.81, 0.808, 0.823, 0.81, 0.823, 0.817, 0.82, 0.825, 0.827, 0.818, 0.823, 0.828, 0.815, 0.827, 0.825, 0.817, 0.827, 0.836, 0.838, 0.833, 0.824, 0.829, 0.828, 0.829, 0.838, 0.831, 0.825, 0.823, 0.831, 0.837, 0.818, 0.834, 0.827, 0.834, 0.827, 0.833, 0.831, 0.824, 0.837, 0.816, 0.841, 0.849, 0.819]
