num_heads: 64
num_layers: 12
pos_enc: learnable
pool: cls
dropout: 0.3
num_epochs: 50
batch_size: 16
lr: 0.0001
weight_decay: 0.001
train_duration: 504.3454785346985
train_accuracy: 0.9094
MACs: 2384610
Number of parameters: 2393058
Number of trainable parameters: 2393058
Validation accuracy: 0.846
test accuracy: 0.8385
total training time: 602.8607933521271
train accuracy list: [0.5066, 0.4956, 0.5014, 0.5174, 0.616, 0.6892, 0.7676, 0.7838, 0.8036, 0.8108, 0.8182, 0.8296, 0.8294, 0.8318, 0.8436, 0.8484, 0.8424, 0.8542, 0.8452, 0.8604, 0.8612, 0.8658, 0.8706, 0.8742, 0.8792, 0.8836, 0.8824, 0.885, 0.8842, 0.8876, 0.894, 0.89, 0.8982, 0.8884, 0.8956, 0.8986, 0.9014, 0.9098, 0.907, 0.9066, 0.9076, 0.9094, 0.9152, 0.917, 0.916, 0.9162, 0.9178, 0.9206, 0.9206, 0.9176]
val accuracy list: [0.523, 0.621, 0.502, 0.612, 0.65, 0.742, 0.789, 0.804, 0.8, 0.804, 0.801, 0.817, 0.799, 0.827, 0.819, 0.82, 0.823, 0.837, 0.836, 0.829, 0.823, 0.834, 0.836, 0.84, 0.82, 0.839, 0.831, 0.839, 0.829, 0.84, 0.837, 0.845, 0.839, 0.838, 0.834, 0.838, 0.841, 0.832, 0.836, 0.827, 0.837, 0.846, 0.833, 0.843, 0.845, 0.607, 0.842, 0.845, 0.846, 0.845]
