num_heads: 8
num_layers: 12
pos_enc: learnable
pool: cls
dropout: 0.3
num_epochs: 50
batch_size: 16
lr: 0.0001
weight_decay: 0.001
train_duration: 761.5001828670502
train_accuracy: 0.9038
MACs: 2384610
Number of parameters: 2393058
Number of trainable parameters: 2393058
Validation accuracy: 0.832
test accuracy: 0.8255
total training time: 779.1767935752869
train accuracy list: [0.5056, 0.4972, 0.5044, 0.5074, 0.6178, 0.6794, 0.7248, 0.758, 0.7594, 0.7918, 0.8008, 0.808, 0.8228, 0.8204, 0.8278, 0.8304, 0.8388, 0.8418, 0.8454, 0.849, 0.8454, 0.855, 0.8582, 0.8626, 0.8604, 0.8638, 0.8644, 0.8648, 0.869, 0.863, 0.88, 0.876, 0.8746, 0.883, 0.8854, 0.8854, 0.884, 0.8856, 0.8856, 0.8924, 0.8946, 0.889, 0.8972, 0.8988, 0.8924, 0.8994, 0.9028, 0.8946, 0.9038, 0.8988]
val accuracy list: [0.502, 0.611, 0.499, 0.612, 0.646, 0.714, 0.739, 0.716, 0.764, 0.782, 0.773, 0.778, 0.796, 0.794, 0.801, 0.794, 0.811, 0.818, 0.808, 0.818, 0.814, 0.805, 0.812, 0.816, 0.817, 0.82, 0.814, 0.82, 0.816, 0.82, 0.824, 0.822, 0.823, 0.819, 0.815, 0.822, 0.814, 0.811, 0.825, 0.821, 0.822, 0.823, 0.829, 0.825, 0.822, 0.831, 0.82, 0.821, 0.832, 0.824]
