num_heads: 8
num_layers: 8
pos_enc: learnable
pool: cls
dropout: 0.3
num_epochs: 50
batch_size: 16
lr: 0.0001
weight_decay: 0.001
train_duration: 473.57489824295044
train_accuracy: 0.9002
MACs: 1592034
Number of parameters: 1600482
Number of trainable parameters: 1600482
Validation accuracy: 0.855
test accuracy: 0.828
total training time: 492.25665378570557
train accuracy list: [0.4888, 0.501, 0.572, 0.633, 0.6944, 0.744, 0.7732, 0.79, 0.8032, 0.807, 0.8124, 0.8176, 0.83, 0.8304, 0.8354, 0.8376, 0.8434, 0.846, 0.8488, 0.8506, 0.8596, 0.8602, 0.8626, 0.8624, 0.8686, 0.8642, 0.87, 0.8726, 0.878, 0.875, 0.8776, 0.8818, 0.8826, 0.8832, 0.8872, 0.8918, 0.8852, 0.892, 0.886, 0.899, 0.8968, 0.895, 0.8988, 0.901, 0.894, 0.9048, 0.9026, 0.9002, 0.9046, 0.905]
val accuracy list: [0.547, 0.599, 0.626, 0.675, 0.728, 0.758, 0.77, 0.783, 0.799, 0.8, 0.814, 0.806, 0.808, 0.815, 0.816, 0.822, 0.81, 0.809, 0.819, 0.827, 0.827, 0.82, 0.825, 0.832, 0.834, 0.828, 0.815, 0.807, 0.834, 0.821, 0.831, 0.815, 0.834, 0.835, 0.843, 0.833, 0.838, 0.834, 0.839, 0.836, 0.826, 0.832, 0.843, 0.84, 0.84, 0.849, 0.849, 0.855, 0.853, 0.844]
